mobilenet_train_accuracy=[0.7925764322280884, 0.8864628672599792, 0.9454148411750793, 0.9650654792785645, 0.9737991094589233, 0.9912663698196411, 0.9956331849098206, 0.9890829920768738, 0.9956331849098206, 0.9978166222572327, 0.9978166222572327, 0.9978166222572327, 0.9978166222572327, 0.9978166222572327, 0.9978166222572327, 0.9978166222572327, 0.9956331849098206, 0.9978166222572327, 0.9978166222572327, 0.9978166222572327, 0.9978166222572327, 0.9978166222572327, 0.9978166222572327]
mobilenet_validation_accuracy=[0.7251908183097839, 0.8015267252922058, 0.8931297659873962, 0.9312977194786072, 0.9541984796524048, 0.9770992398262024, 0.9694656729698181, 0.9770992398262024, 0.9770992398262024, 0.9847328066825867, 0.9847328066825867, 0.9847328066825867, 0.9770992398262024, 0.9847328066825867, 0.9847328066825867, 0.9847328066825867, 0.9847328066825867, 0.9923664331436157, 0.9847328066825867, 0.9847328066825867, 0.9847328066825867, 0.9847328066825867, 0.9847328066825867]
mobilenet_train_loss=[0.5240364074707031, 0.2887597978115082, 0.1660013198852539, 0.09951306134462357, 0.0778428390622139, 0.03793499991297722, 0.030364137142896652, 0.02653283067047596, 0.01812150701880455, 0.010812676511704922, 0.008200687356293201, 0.009800604544579983, 0.007602440193295479, 0.010085860267281532, 0.00867500714957714, 0.009138393215835094, 0.00998856034129858, 0.008955885656177998, 0.005524845328181982, 0.006538226269185543, 0.006047521717846394, 0.011763563379645348, 0.007948189973831177]
mobilenet_validation_loss=[0.5353926420211792, 0.4522119462490082, 0.2771063446998596, 0.1956358402967453, 0.11233824491500854, 0.10092935711145401, 0.08627799898386002, 0.08636604249477386, 0.07407013326883316, 0.07413392513990402, 0.07459494471549988, 0.08017672598361969, 0.06758725643157959, 0.0658930316567421, 0.04783214256167412, 0.059816617518663406, 0.025646107271313667, 0.03598623722791672, 0.04584139585494995, 0.05303970351815224, 0.048897456377744675, 0.043148793280124664, 0.03763243183493614]
mobilenet_test_loss=0.11680091917514801
mobilenet_test_accuracy=0.9545454382896423
