resnet_train_accuracy=[0.8384279608726501, 0.9344978332519531, 0.9759825468063354, 0.9890829920768738, 0.9868995547294617, 0.9934498071670532, 0.9934498071670532, 0.9956331849098206, 0.9912663698196411, 0.9978166222572327, 0.9978166222572327, 0.9978166222572327, 0.9978166222572327, 0.9956331849098206, 0.9978166222572327, 0.9978166222572327, 0.9978166222572327, 0.9956331849098206, 0.9978166222572327]
resnet_validation_accuracy=[0.7099236845970154, 0.7938931584358215, 0.8625954389572144, 0.9007633328437805, 0.9312977194786072, 0.9694656729698181, 0.9694656729698181, 0.9770992398262024, 0.9770992398262024, 0.9847328066825867, 0.9847328066825867, 0.9847328066825867, 0.9770992398262024, 0.9770992398262024, 0.9694656729698181, 0.9694656729698181, 0.9770992398262024, 0.9770992398262024, 0.9770992398262024]
resnet_train_loss=[0.48654627799987793, 0.21424035727977753, 0.10161810368299484, 0.05615560710430145, 0.040877506136894226, 0.02232326567173004, 0.016877971589565277, 0.01261045504361391, 0.010795723646879196, 0.009386541321873665, 0.008997739292681217, 0.007805992849171162, 0.008604275062680244, 0.010132048279047012, 0.007712056860327721, 0.007152960170060396, 0.007464511785656214, 0.00856202095746994, 0.006480277981609106]
resnet_validation_loss=[0.6249396204948425, 0.4696585237979889, 0.30222076177597046, 0.2375180572271347, 0.1672908216714859, 0.11252526193857193, 0.09285273402929306, 0.08045067638158798, 0.06954513490200043, 0.05530589073896408, 0.04893407225608826, 0.048554953187704086, 0.04822317883372307, 0.05548221245408058, 0.06441805511713028, 0.07020651549100876, 0.07366452366113663, 0.059909887611866, 0.06348655372858047]
resnet_test_loss=0.13456633687019348
resnet_test_accuracy=0.939393937587738
