vgg19_train_accuracy=[0.7620087265968323, 0.8886463046073914, 0.9192139506340027, 0.9475982785224915, 0.9628821015357971, 0.9825327396392822, 0.9890829920768738, 0.9912663698196411, 0.9978166222572327, 0.9978166222572327, 0.9934498071670532, 0.9978166222572327, 0.9956331849098206, 0.9978166222572327, 0.9956331849098206, 0.9978166222572327, 0.9978166222572327, 0.9978166222572327, 0.9978166222572327, 0.9978166222572327, 0.9978166222572327, 0.9978166222572327, 0.9978166222572327, 0.9978166222572327, 0.9978166222572327, 0.9978166222572327, 0.9956331849098206, 0.9956331849098206, 0.9934498071670532, 0.9956331849098206, 0.9978166222572327, 0.9978166222572327, 0.9956331849098206]
vgg19_validation_accuracy=[0.6870229244232178, 0.7175572514533997, 0.8015267252922058, 0.8549618124961853, 0.8778625726699829, 0.9312977194786072, 0.9465649127960205, 0.9541984796524048, 0.9618320465087891, 0.9694656729698181, 0.9694656729698181, 0.9770992398262024, 0.9847328066825867, 0.9847328066825867, 0.9770992398262024, 0.9770992398262024, 0.9694656729698181, 0.9847328066825867, 0.9770992398262024, 0.9694656729698181, 0.9770992398262024, 0.9770992398262024, 0.9694656729698181, 0.9847328066825867, 0.9923664331436157, 0.9923664331436157, 0.9847328066825867, 0.9694656729698181, 0.9847328066825867, 0.9770992398262024, 0.9770992398262024, 0.9694656729698181, 0.9923664331436157]
vgg19_train_loss=[0.6044167876243591, 0.40535441040992737, 0.2590985596179962, 0.17026245594024658, 0.1164674162864685, 0.07166538387537003, 0.04674951732158661, 0.03524041175842285, 0.024900346994400024, 0.020408261567354202, 0.017544757574796677, 0.013672406785190105, 0.013270096853375435, 0.009606174193322659, 0.011759499087929726, 0.008638439700007439, 0.009416704997420311, 0.00877991784363985, 0.007391293067485094, 0.00652482733130455, 0.008164260536432266, 0.006842906586825848, 0.007218949031084776, 0.007182293571531773, 0.005927281454205513, 0.005538401193916798, 0.011410793289542198, 0.01065074373036623, 0.010600671172142029, 0.006599470041692257, 0.008886042982339859, 0.009786569513380527, 0.008692785166203976]
vgg19_validation_loss=[0.6036262512207031, 0.6444411277770996, 0.4291178584098816, 0.2709086239337921, 0.22950823605060577, 0.15948325395584106, 0.13416627049446106, 0.11900895833969116, 0.08990799635648727, 0.07891101390123367, 0.06729350239038467, 0.053891371935606, 0.0385156087577343, 0.03905206173658371, 0.04154031351208687, 0.036346010863780975, 0.038894981145858765, 0.03451278805732727, 0.03634738177061081, 0.03949568420648575, 0.04090254008769989, 0.06905096024274826, 0.041775595396757126, 0.03238475322723389, 0.029926760122179985, 0.02760080248117447, 0.0247034914791584, 0.06498554348945618, 0.06167197600007057, 0.06228550896048546, 0.05696902051568031, 0.061259184032678604, 0.041134558618068695]
vgg19_test_loss=0.027918675914406776
vgg19_test_accuracy=0.9848484992980957
